
-0.24
-0.1
-1.92
-3.32
-4.85
-6.28
-7.65
-5.56
-2.42
-1.13
-2.83
-4.43
-4.97
-5.65
-5.26
-3.75
-1.86
-1.21
-3.48
-5.8
-6.1
-4.4
-3.9
-2.22
-0.76
-0.22
-1.64
-3.84
-4.79
-4.44
-3.46
-2.24
-0.3
0.61
-1.01
-3.57
-4.68

5.16
5.77
4
2.41
2.11
2.05
2.09
3.8
4.62
5.73
5.31
5.26
4.1
3.7
3.39
3.84
3.18
2.02
0.92
-0.76
-1.07
-1.31
-0.51
1.23
2.82
3.39
1.21
0.3
-1.43
-1.15
-0.26
0.31
2.25
2.04
0.17
-4.35
-8.33

4

5.16
5.77
4
2.41
2.11
2.05
2.09
3.8
4.62
5.73
5.31
5.26
4.1
3.7
3.39
3.84
3.18
2.02
0.92
-0.76
-1.07
-1.31
-0.51
1.23
2.82
3.39
1.21
0.3
-1.43
-1.15
-0.26
0.31
2.25
2.04
0.17
-4.35
-8.33

5.16
5.77
4
2.41
2.11
2.05
2.09
3.8
4.62
5.73
5.31
5.26
4.1
3.7
3.39
3.84
3.18
2.02
0.92
-0.76
-1.07
-1.31
-0.51
1.23
2.82
3.39
1.21
0.3
-1.43
-1.15
-0.26
0.31
2.25
2.04
0.17
-4.35
-8.33
4

5.16
5.77
4
2.41
2.11
2.05
2.09
3.8
4.62
5.73
5.31
5.26
4.1
3.7
3.39
3.84
3.18
2.02
0.92
-0.76
-1.07
-1.31
-0.51
1.23
2.82
3.39
1.21
0.3
-1.43
-1.15
-0.26
0.31
2.25
2.04
0.17
-4.35
-8.33

4

4.43
5.23
3.64
2.23
2.11
2.05
2.09
3.8
4.62
5.73
5.31
5.26
4.1
3.7
3.39
3.84
3.18
2.02
0.92
-0.76
-1.07
-1.31
-0.51
1.23
2.82
3.39
1.21
0.3
-1.43
-1.15
-0.26
0.31
2.25
2.04
0.17
-4.35
-8.33

3.09

4.22
2.97
1.9
2.11
2.05
2.09
3.8
4.62
5.73
5.31
5.26
4.1
3.7
3.39
3.84
3.18
2.02
0.92
-0.76
-1.07
-1.31
-0.51
1.23
2.82
3.39
1.21
0.3
-1.43
-1.15
-0.26
0.31
2.25
2.04
0.17
-4.35
-8.33

3.09

4.22
2.97
1.9
2.11
2.05
2.09
3.8
4.62
5.73
5.31
5.26
4.1
3.7
3.39
3.84
3.18
2.02
0.92
-0.76
-1.07
-1.31
-0.51
1.23
2.82
3.39
1.21
0.3
-1.43
-1.15
-0.26
0.31
2.25
2.04
0.17
-4.35
-8.33

4.22
2.97
1.9
2.11
2.05
2.09
3.8
4.62
5.73
5.31
5.26
4.1
3.7
3.39
3.84
3.18
2.02
0.92
-0.76
-1.07
-1.31
-0.51
1.23
2.82
3.39
1.21
0.3
-1.43
-1.15
-0.26
0.31
2.25
2.04
0.17
-4.35
-8.33

3.32
2.88
2.49
2.1
2.73
4.22
6.42
4.8
2.15
2.92
3.16
2.75
3.8
2.44
1.3
0.75
-0.82
-2.44
-3.35
-3.26
-0.43
1.44
2.09
1.12
-1.53
-1.38
-1.01
-0.89
1.2
3.05
3.55
1.56
-2.26
-5.55
-7.13
-5.83
1.09
2.8
3.1
1.84

4

3.32
2.88
2.49
2.1
2.73
4.22
6.42
4.8
2.15
2.92
3.16
2.75
3.8
2.44
1.3
0.75
-0.82
-2.44
-3.35
-3.26
-0.43
1.44
2.09
1.12
-1.53
-1.38
-1.01
-0.89
1.2
3.05
3.55
1.56
-2.26
-5.55
-7.13
-5.83
1.09
2.8
3.1
1.84

4

3.32
2.88
2.49
2.1
2.73
4.22
6.42
4.8
2.15
2.92
3.16
2.75
3.8
2.44
1.3
0.75
-0.82
-2.44
-3.35
-3.26
-0.43
1.44
2.09
1.12
-1.53
-1.38
-1.01
-0.89
1.2
3.05
3.55
1.56
-2.26
-5.55
-7.13
-5.83
1.09
2.8
3.1
1.84

3.32
2.88
2.49
2.1
2.73
4.22
6.42
4.8
2.15
2.92
3.16
2.75
3.8
2.44
1.3
0.75
-0.82
-2.44
-3.35
-3.26
-0.43
1.44
2.09
1.12
-1.53
-1.38
-1.01
-0.89
1.2
3.05
3.55
1.56
-2.26
-5.55
-7.13
-5.83
1.09
2.8
3.1
1.84

2.88
2.49
2.1
2.73
4.22
6.42
4.8
2.15
2.92
3.16
2.75
3.8
2.44
1.3
0.75
-0.82
-2.44
-3.35
-3.26
-0.43
1.44
2.09
1.12
-1.53
-1.38
-1.01
-0.89
1.2
3.05
3.55
1.56
-2.26
-5.55
-7.13
-5.83
1.09
2.8
3.1
1.84
-1.75

2.88
2.49
2.1
2.73
4.22
6.42
4.8
2.15
2.92
3.16
2.75
3.8
2.44
1.3
0.75
-0.82
-2.44
-3.35
-3.26
-0.43
1.44
2.09
1.12
-1.53
-1.38
-1.01
-0.89
1.2
3.05
3.55
1.56
-2.26
-5.55
-7.13
-5.83
1.09
2.8
3.1
1.84
-1.75

2.88
2.49
2.1
2.73
4.22
6.42
4.8
2.15
2.92
3.16
2.75
3.8
2.44
1.3
0.75
-0.82
-2.44
-3.35
-3.26
-0.43
1.44
2.09
1.12
-1.53
-1.38
-1.01
-0.89
1.2
3.05
3.55
1.56
-2.26
-5.55
-7.13
-5.83
1.09
2.8
3.1
1.84
-1.75

4

2
10.87
8.29
3.94
4.36
5.68
11.36

2.88
2.49
2.1
2.73
4.22
6.42
4.8
2.15
2.92
3.16
2.75
3.8
2.44
1.3
0.75
-0.82
-2.44
-3.35
-3.26
-0.43
1.44
2.09
1.12
-1.53
-1.38
-1.01
-0.89
1.2
3.05
3.55
1.56
-2.26
-5.55
-7.13
-5.83
1.09
2.8
3.1
1.84
-1.75

2
10.87
8.29
3.94
4.36
5.68
11.36

2
10.87
8.29
3.94
4.36
5.68
11.36
